m=0.11;
rb=0.02;
Le=1;
Ip=0.5;
Ib=1.76*10^-5;
R=3.9;
Kt=6.879*10^-4;
Ke=1.9099*10^-7;
L = 12*10^-6;
d=3*10^-2;
B=10^-8;
Vx = 1;
Vy = 1;